54.4930000000000	52.1390000000000
54.5650984308829	52.1365867644563
54.6348283284582	52.1294252203836
54.7022447899873	52.1176327020221
54.7674023849054	52.1013267406042
54.8303552007596	52.0806251557262
54.8911568868709	52.0556461416593
54.9498606957440	52.0265083485608
55.0065195222525	51.9933309585403
55.0611859406143	51.9562337565255
55.1139122391760	51.9153371958670
55.1647504530163	51.8707624586152
55.2137523943780	51.8226315103957
55.2839251624501	51.7440360531116
55.3502559419567	51.6581338082354
55.4129175797280	51.5653476725515
55.4720823983953	51.4661054685683
55.5279223249688	51.3608400911567
55.5806089948060	51.2499895859396
55.6303138309615	51.1339971582452
55.6922445337344	50.9721176062205
55.7495842700467	50.8029706997501
55.8027382481529	50.6276474732542
55.8639109231277	50.4014917180876
55.9306296026287	50.1227195707299
56.0009590406448	49.7921231640621
56.0914457016725	49.3213882070666
56.2329289115886	48.5612798447579
56.3000001055757	48.2308532369399
56.3617114221279	47.9596185443430
56.4181857099099	47.7418143166329
56.4685710138747	47.5713851069656
56.5226225890887	47.4115325251694
56.5689110723523	47.2915525419721
56.6182470187604	47.1788127835518
56.6709468718013	47.0734983634624
56.7273321385927	46.9757840927292
56.7876997691651	46.8858051811345
56.8520817815532	46.8034149656803
56.9203763240754	46.7283353676800
56.9924860302849	46.6603031547721
57.0683186479986	46.5990698840324
57.1477865475336	46.5444007337009
57.2308062639321	46.4960734276765
57.3172980695326	46.4538772434462
57.4071855736348	46.4176120951437
57.5003953463621	46.3870876843301
57.5968565641325	46.3621227118850
57.6965006744224	46.3425441450983
57.7992610777533	46.3281865346669
57.9050728250454	46.3188913768555
58.0415316969635	46.3141602636305
58.1825371332052	46.3168173104205
58.3279690924351	46.3265904593161
58.4777086045728	46.3432187173975
58.6316370302196	46.3664507772533
58.8217128555256	46.4027047673598
59.0174414297819	46.4477125121796
59.2186110313167	46.5010798046714
59.4250044447965	46.5624219118365
59.6720994117230	46.6435633499518
59.9256278437593	46.7344534506182
60.1851995340818	46.8345042381516
60.4887226278283	46.9593103073649
60.7989431710131	47.0944270871830
61.1550669997495	47.2576356817878
61.5583293765739	47.4513434539729
61.9679811000359	47.6562541237814
62.4654666772628	47.9141665604407
63.0079006790454	48.2044197273439
63.6734385531907	48.5700643439594
64.4099778067171	48.9833294785215
65.1311265094030	49.3962563050643
65.8364924699173	49.8084168218965
66.5636210568481	50.2422043763118
67.2726804340116	50.6742669329757
67.9636414457424	51.1042217990348
68.6366248112529	51.5317349834468
69.3259046428511	51.9788014105416
69.9960531164011	52.4225854190653
70.6798466080074	52.8848124635107
71.3442469964133	53.3430618711607
72.0207534190106	53.8188057803514
72.7377722569078	54.3327969643807
73.4637970664520	54.8628584353179
74.2552253330057	55.4505268723582
75.1645057358070	56.1360587989054
76.5382023731062	57.1845346193690
78.0110296094344	58.3094173718901
78.9365527597766	59.0076981599728
79.6889109279811	59.5666675976444
80.3443504101119	60.0447260597960
80.9253120600152	60.4595259800756
81.4570123096041	60.8304918205316
81.9669173587675	61.1775176621171
82.4537478448941	61.5001187672491
82.9162855063449	61.7981494209623
83.3847963726581	62.0911028254009
83.8274942682412	62.3592448262594
84.2754564440440	62.6216269098266
84.6961607225207	62.8595457307158
85.1214530332731	63.0914247203860
85.5181231444467	63.2996591234986
85.9187411912201	63.5019003197960
86.3233257046286	63.6977418252368
86.6976950994844	63.8712940886628
87.0754272729427	64.0388141783555
87.4565364986193	64.1999889981003
87.8410370501299	64.3545054516824
88.2289432010901	64.5020504428869
88.5845524396144	64.6298691750815
88.9429987434937	64.7514323770986
89.3042928367068	64.8665048151179
89.6684454432324	64.9748512553193
90.0354672870493	65.0762364638824
90.4053690921361	65.1704252069871
90.7407519469685	65.2488476770618
91.0784840746328	65.3210789852657
91.4185732929095	65.3869476461440
91.7610274195792	65.4462821742416
92.1058542724223	65.4989110841035
92.4530616692193	65.5446628902748
92.8026574277506	65.5833661073005
93.1546493657969	65.6148492497257
93.5090453011385	65.6389408320954
93.8658530515561	65.6554693689547
94.2250220245194	65.6642679633662
94.5860377508617	65.6652061589819
94.9078962891670	65.6593498395569
95.2301150656214	65.6471141446968
95.5521764324927	65.6284197306807
95.8735627420486	65.6031872537877
96.1937563465568	65.5713373702967
96.5122395982851	65.5327907364868
96.8284948495011	65.4874680086369
97.1420044524727	65.4352898430261
97.4522507594676	65.3761768959334
97.7587161227534	65.3100498236379
98.0233648203746	65.2463724860962
98.2843756253842	65.1772110573154
98.5414017542427	65.1025123832011
98.7940964234109	65.0222233096589
99.0421128493493	64.9362906825946
99.2851042485186	64.8446613479138
99.5227238373792	64.7472821515221
99.7546248323920	64.6440999393253
99.9485827119634	64.5509990245579
100.137866013266	64.4535621444872
100.322256353664	64.3517558259809
100.501535350518	64.2455465959066
100.675484621193	64.1349009811321
100.843885783051	64.0197855085251
101.006520453456	63.9001667049532
101.163170249769	63.7760110972843
101.313616789355	63.6472852123860
101.457641689575	63.5139555771261
101.572599709560	63.3993067490413
101.682871808685	63.2814405672744
101.809069154095	63.1358282576410
101.928668921423	62.9857597022825
102.041765126840	62.8313365477944
102.148451786519	62.6726604407718
102.248822916632	62.5098330278101
102.342972533351	62.3429559555045
102.430994652847	62.1721308704503
102.512983291294	61.9974594192427
102.589032464863	61.8190432484770
102.659236189726	61.6369840047486
102.723688482055	61.4513833346526
102.782483358023	61.2623428847843
102.835714833802	61.0699643017390
102.883476925563	60.8743492321120
102.932412099702	60.6421766986755
102.974180095140	60.4058987107304
103.008930206076	60.1656766793054
103.036811726708	59.9216720154290
103.057973951238	59.6740461301299
103.072566173862	59.4229604344366
103.080737688782	59.1685763393778
103.082637790196	58.9110552559820
103.077321567249	58.6131112940575
103.064231959989	58.3115218038896
103.043591821564	58.0065277255559
103.015624005124	57.6983699991341
102.980551363816	57.3872895647018
102.938596750790	57.0735273623368
102.883449182601	56.7176393325759
102.820190972054	56.3590051873199
102.749139423728	55.9979679838278
102.670611842204	55.6348707793588
102.574976717344	55.2294306435303
102.470938915976	54.8223414101887
102.358933698157	54.4140736654229
102.239396323942	54.0050979953224
102.099725054545	53.5549687489475
101.952045871711	53.1051786721702
101.796938106576	52.6563541150751
101.634981090273	52.2091214277469
101.451169912925	51.7237827409238
101.260649141940	51.2418970918103
101.064170906694	50.7642776531685
100.845468985940	50.2526140276053
100.621614292672	49.7479455002810
100.393563093234	49.2513059488336
100.144373215059	48.7266283824489
99.8926197791988	48.2137528693161
99.6213422182191	47.6786545998422
99.3310662851724	47.1238743591132
99.0221255002883	46.5505354414647
98.6768648084343	45.9267584061048
98.2600172681504	45.1914657266811
97.6130674069873	44.0718483465954
96.9774299169349	42.9721566070204
96.5796545455374	42.2704576965132
96.2571146114002	41.6867010641233
95.9738448785504	41.1585792056892
95.7285289624189	40.6862164444263
95.5038301899460	40.2385706448206
95.2835614983563	39.7831358717840
95.0832613721167	39.3521917802840
94.8872915929514	38.9125035657833
94.7104524974951	38.4980319711333
94.5377059521574	38.0745096678127
94.3692452946653	37.6411686102264
94.2187531827117	37.2346578396924
94.0721728048303	36.8186601166542
93.8072354314060	36.0409775701383
93.6943330324359	35.7262330887996
93.5890077068420	35.4512755194192
93.4924786837910	35.2170220884112
93.3890661498068	34.9850631552011
93.2969066210304	34.7942218405417
93.1987231882169	34.6062422119819
93.0940022537663	34.4217301021661
93.0051973751031	34.2770324289422
92.9116786831280	34.1352705530329
92.8132402528071	33.9967671621458
92.7096960503723	33.8618451223248
92.6008812198811	33.7308256978721
92.4866532972630	33.6040266934086
92.3668933299474	33.4817605358851
92.2415068805737	33.3643323164384
92.1104248941300	33.2520378138101
91.9736044091787	33.1451615225260
91.8672123199510	33.0687237406201
91.7575856468384	32.9955955465377
91.6447360334964	32.9258806688425
91.5286837102304	32.8596772036269
91.4094574596593	32.7970772198870
91.2870945433584	32.7381663886589
91.1616405891498	32.6830236388813
91.0331494390821	32.6317208427533
90.9016829585144	32.5843225331231
90.7673108070981	32.5408856551793
90.6301101728173	32.5014593544157
90.4901654706113	32.4660848025229
90.3475680074406	32.4347950625103
90.2024156159848	32.4076149940063
90.0050852813795	32.3777952288252
89.8036603488667	32.3553266025177
89.5984189821029	32.3401996327468
89.3896535009688	32.3323792295536
89.1777478854194	32.3317576879245
88.9637595792287	32.3377975709398
88.7490014071481	32.3497599298475
88.4812784113066	32.3719523111431
88.2162795367639	32.4009465537296
87.9043830519880	32.4429608330226
87.6015902880365	32.4909746388742
87.2626626758067	32.5521697660249
86.8974395969554	32.6258302326641
86.4783700054530	32.7186924313330
85.9685270555824	32.8406170169106
85.4078064750631	32.9770555221122
85.2054639634629	33.0206170514811
85.0962728515637	33.0388073051526
85.0247751765345	33.0452582775766
84.9813578983177	33.0435434061540
84.9575951115307	33.0371452986013
84.9463861235748	33.0292198737141
84.9408782077326	33.0185358755672
84.9408871590439	33.0051320585447
84.9491634716359	32.9830981768645
84.9722443305846	32.9489694586577
85.0177409838168	32.8984855100336
85.0941117272545	32.8265630903855
85.2271098500717	32.7135029595103
85.4838000660019	32.5088374083086
86.1693438653471	31.9729145678050
86.5395641039701	31.6755477136224
86.8670724174151	31.4038880654237
87.1723736740382	31.1413709828283
87.4467425486774	30.8960898187381
87.6843344136834	30.6750147166142
87.9212409334465	30.4448394429760
88.1158502289862	30.2468928646007
88.3057220873068	30.0442340621839
88.4892980105807	29.8372662564748
88.6311152052597	29.6684150076434
88.7680509345130	29.4964896382164
88.8997302599244	29.3213529182131
89.0257738648880	29.1428804025381
89.1458006913173	28.9609622531442
89.2594308507661	28.7755050732862
89.3662887926495	28.5864337246598
89.4417663275890	28.4422244603884
89.5130762052632	28.2959354692408
89.5800717387411	28.1475586871406
89.6426116216641	27.9970936448976
89.7005608515624	27.8445477841867
89.7537916589762	27.6899367360737
89.8021844335591	27.5332845569657
89.8456286377562	27.3746239170744
89.8840236981932	27.2139962367872
89.9172798645824	27.0514517667492
89.9453190257855	26.8870496079766
89.9680754726724	26.7208576689268
89.9854965975968	26.5529525571536
89.9975435206845	26.3834194039613
90.0041916336940	26.2123516213221
90.0054310529709	26.0398505912294
90.0012669739604	25.8660252886075
89.9917199208570	25.6909918398555
89.9768258862440	25.5148730200708
89.9566363569804	25.3377976929243
89.9312182240969	25.1599001980559
89.9006535760500	24.9813196916754
89.8650393763022	24.8021994467884
89.8244870278247	24.6226861200959
89.7791218287120	24.4429289931209
89.7113895181628	24.2031349587096
89.6357113759604	23.9635371047817
89.5524859335155	23.7244962801851
89.4621436791484	23.4863701173217
89.3651427487367	23.2495098838765
89.2619643664173	23.0142574996982
89.1531081256411	22.7809427671384
89.0390872010440	22.5498808561301
88.8900938819283	22.2646741918870
88.7348740213351	21.9839932401299
88.5744515483272	21.7083284820286
88.4098343325963	21.4381165099740
88.2081345154589	21.1215916174919
88.0034255042034	20.8140129596966
87.7972307354138	20.5158124144120
87.5566659715183	20.1801829064249
87.2841842241383	19.8131637906206
86.9840122884109	19.4217484261635
86.6321148378271	18.9758037386482
86.1326893759510	18.3579025520439
85.5343634764842	17.6211040395925
85.2437019477037	17.2532375927353
85.0267986060891	16.9674241649810
84.8672914702573	16.7466627561980
84.7258137156344	16.5391602783401
84.6129124488001	16.3618833923965
84.5128195154669	16.1919963193801
84.4247622136105	16.0280717096001
84.3560209032139	15.8862838316357
84.2957833957998	15.7472631077529
84.2436501734886	15.6101645657105
84.1992703703040	15.4741767814506
84.1623421795255	15.3385135753230
84.1326130043424	15.2024054250093
84.1098795886975	15.0650905835578
84.0939883217078	14.9258058330505
84.0848358809225	14.7837767530168
84.0823703647787	14.6382073331272
84.0865930615751	14.4882687075699
84.0975610105565	14.3330867293695
84.1181099192494	14.1510746045621
84.1476077669876	13.9597986819456
84.1864313885439	13.7576606218449
84.2350864125697	13.5428677260722
84.2942268583800	13.3133837042822
84.3732451398462	13.0383201947274
84.4766757537531	12.7093461145642
84.6181731062260	12.2882361424591
84.8283169969175	11.6923627753915
85.3857515206603	10.1496817053671
85.5961396390320	9.54849094090472
85.7420940523528	9.11192834834263
85.8523547934407	8.76308017660117
85.9405831970274	8.46349045557914
86.0079999457411	8.21277220506623
86.0568415112541	8.00887748256188
86.0958260487955	7.81757213806489
86.1196336287598	7.66951146941171
86.1351124065737	7.53233198484575
86.1421274531450	7.40607911281109
86.1415383335544	7.31300226047046
86.1353351134730	7.22704139175953
86.1234122358121	7.14828242751120
86.1056536829715	7.07683050798633
86.0884296160470	7.02811098149141
86.0677954815868	6.98363101226745
86.0436916170066	6.94345649229361
86.0160556345310	6.90765949842246
85.9848226246267	6.87631827909238
85.9499253970535	6.84951721906287
85.9112947650601	6.82734677678964
85.8688598788130	6.80990338835069
85.8225486147316	6.79728933105727
85.7722880280177	6.78961253903195
85.7180048762999	6.78698636211197
85.6596262229440	6.78952925844132
85.5970801292112	6.79736441005618
85.5302964450384	6.81061924965629
85.4345436377216	6.83695004686148
85.3309887015372	6.87346792590529
85.2194992304989	6.92049734651134
85.0999653112018	6.97836413733707
84.9723061925081	7.04739006429439
84.8364779301029	7.12788626385871
84.6924820676016	7.22014539949930
84.5403753946835	7.32443240365159
84.3802807912620	7.44097368087854
84.2123991227112	7.56994467299898
84.0370220923780	7.71145572735181
83.8545458819802	7.86553626861701
83.6654853166019	8.03211735629076
83.4704881784916	8.21101281710819
83.2703491641221	8.40189927642625
83.0660228357688	8.60429557490957
82.8586347692278	8.81754224397073
82.6494899541384	9.04078191843099
82.4400773780414	9.27294177578882
82.2320696395044	9.51271929035372
82.0273164127563	9.75857275315435
81.8278306515373	10.0087181052925
81.6357665973978	10.2611336301639
81.4533489484290	10.5135827101737
81.2819209966641	10.7638612142326
81.1217744339998	11.0099572658948
80.9729630092285	11.2499475205343
80.8026535300985	11.5386036956499
80.6491299604851	11.8116750664805
80.4602149804225	12.1624815367558
80.2147681780911	12.6261953001477
80.1190399185516	12.7976420977039
80.0473906370231	12.9160348539962
79.9787627048598	13.0173387801392
79.9284910189827	13.0819347972545
79.8786219160141	13.1366764464219
79.8285815083987	13.1814950756291
79.7948382305466	13.2058332445835
79.7605841890435	13.2257212410409
79.7256418679549	13.2411448351228
79.6898354648218	13.2520928919099
79.6530788152608	13.2586289200956
79.6153767616045	13.2608901839124
79.5767380039044	13.2590151902651
79.5371711483870	13.2531405835809
79.4760993461180	13.2371242192821
79.4129871843416	13.2128613852898
79.3478632922359	13.1807950691415
79.2807564515446	13.1413630971671
79.1882464687625	13.0780787530284
79.0923335654133	13.0034911825943
78.9930905910332	12.9186155084900
78.8644699676246	12.7995975887768
78.7036354162773	12.6404433660436
78.4497287916774	12.3755261988134
77.9956664671533	11.8937788261822
77.7720415612894	11.6652999275115
77.5752172858088	11.4740426430847
77.4079822481432	11.3209145228023
77.2723366507701	11.2041906100525
77.1352445556453	11.0939251793839
76.9969041464382	10.9913274694898
76.8574500741894	10.8969620979045
76.7169463336434	10.8107362455841
76.5754537315025	10.7325225735921
76.4330329579990	10.6621878724502
76.2897445139919	10.5995932789959
76.1456486398895	10.5445944976027
76.0008052465306	10.4970420250363
75.8552738481523	10.4567813782280
75.7091134975554	10.4236533242543
75.5623827235724	10.3974941118220
75.4151394709310	10.3781357035743
75.2674410425915	10.3654060085465
75.1193440446328	10.3591291141206
74.9709043337428	10.3591255168456
74.8221769673651	10.3652123515154
74.6732161565396	10.3772036179155
74.5240752214650	10.3949104046794
74.3748065498026	10.4181411097155
74.1881193145252	10.4546516195564
74.0014109536197	10.4991058729160
73.8147771053304	10.5511150071761
73.6283107566160	10.6102858756062
73.4421021626824	10.6762216345859
73.2562387765675	10.7485223067406
73.0337772860512	10.8431178227671
72.8120751763970	10.9455994787255
72.5912669309765	11.0552646200076
72.3349578290640	11.1913462243945
72.0802326012737	11.3351255333970
71.7912894523252	11.5074331571853
71.5049032760082	11.6866619000655
71.1860635009642	11.8944961312998
70.8016000809971	12.1541175442429
70.1523897193963	12.6052309939664
69.2000750149918	13.2756154751846
68.4775870198765	13.7924038134292
67.8724413383603	14.2338212029383
67.3458646567026	14.6266141270775
66.8639950034439	14.9951377499026
66.4239755811976	15.3410064064821
66.0231787428326	15.6653880685256
65.6591948817733	15.9690682357424
65.3048260969149	16.2743884284043
64.9841973080634	16.5601512519333
64.6950894879722	16.8268993436574
64.4122085163186	17.0975291723035
64.1352079381483	17.3730462023279
63.8861606069653	17.6307554877512
63.6414964628192	17.8941907129797
63.4009486471774	18.1641263416661
63.1642503015074	18.4413368374629
62.9521858822740	18.7003109702333
62.7428818041754	18.9665193084820
62.5361375724465	19.2405437182139
62.3317526923220	19.5229660654340
62.1295266690367	19.8143682161470
61.9292590078252	20.1153320363579
61.7307492139223	20.4264393920715
61.5337967925628	20.7482721492929
61.3382012489814	21.0814121740267
61.1437620884129	21.4264413322780
60.9502788160919	21.7839414900516
60.7575509372532	22.1544945133524
60.5653779571316	22.5386822681853
60.3543892965137	22.9777313704979
60.1435626061449	23.4347570194827
59.9326310274927	23.9105336787923
59.7213358704202	24.4057951117641
59.4906002111379	24.9667393526874
59.2414096507660	25.5927300333364
58.9564639446175	26.3296229992957
58.6023644364427	27.2691067875416
57.9317648524357	29.0844278378147
57.5608049380868	30.0814551265877
57.3228079298934	30.7039021870643
57.1434031887448	31.1560958696591
56.9900726440848	31.5242677579018
56.8720234586725	31.7908200152192
56.7738385907990	31.9965688215812
56.6933189260051	32.1503187484802
56.6283174964891	32.2609955697862
56.5768073161867	32.3372582071238
56.5369407364662	32.3871591820766
56.4999300477219	32.4242187826545
56.4724252227854	32.4443490353307
56.4468295701698	32.4557951428590
56.4289074887985	32.4585562523939
56.4120949302748	32.4562288016059
56.3964071574916	32.4487254782049
56.3818594333421	32.4359589699007
56.3642622571038	32.4105988721811
56.3487537529499	32.3755306670063
56.3323057714377	32.3181536143105
56.3190677745531	32.2462871534017
56.3073348700477	32.1417844374676
56.2992411101799	31.9960225679529
56.2971670123051	31.8000570944944
56.3025116798891	31.5751585381679
56.3170861452030	31.2906897128118
56.3435017511246	30.9397404995295
56.3802130560756	30.5568234078620
56.4267400148706	30.1468421650670
56.4886838158067	29.6704563019226
56.5612847630785	29.1737831868761
56.6439039165448	28.6633496809076
56.7271680719845	28.1928705603674
56.8177036417869	27.7213170431661
56.9150305807668	27.2535928565616
57.0080331972777	26.8399608215638
57.1166204606824	26.3914579438030
57.2406902097571	25.9113687424399
57.4023383374889	25.3193145227964
57.8079845038477	23.8843259787836
57.9402271438294	23.3933814940848
58.0331941078265	23.0243193533171
58.1088946441839	22.6980439177640
58.1688669531331	22.4123599120525
58.2210998474938	22.1304645022375
58.2598113144162	21.8866913725212
58.2914220642719	21.6454126210869
58.3153836574336	21.4064386573909
58.3294183347195	21.2032945413106
58.3370849151181	21.0015850553630
58.3380380255698	20.8011908072523
58.3319322930148	20.6019924046825
58.3184223443935	20.4038704553579
58.2971628066463	20.2067055669826
58.2732775305565	20.0430464459161
58.2435708842802	19.8798999464285
58.2078429991486	19.7171969757560
58.1658940064929	19.5548684411348
58.1175240376443	19.3928452498012
58.0625332239342	19.2310583089912
58.0007216966936	19.0694385259411
57.9318895872538	18.9079168078872
57.8558370269461	18.7464240620656
57.7723641471017	18.5848911957125
57.6812770019428	18.4232572570771
57.5826118980831	18.2617777762870
57.4767042481363	18.1011194046242
57.3639094544739	17.9419762692891
57.2445829194670	17.7850424974824
57.1190800454869	17.6310122164047
56.9877562349050	17.4805795532565
56.8509668900924	17.3344386352385
56.7090674134206	17.1932835895511
56.5624132072608	17.0578085433950
56.4113596739842	16.9287076239708
56.2875881622324	16.8304827131571
56.1614105046576	16.7371368779870
56.0330086672739	16.6490255115869
55.9025646160955	16.5665040070837
55.7702603171363	16.4899277576041
55.6362777364106	16.4196521562748
55.5007988399323	16.3560325962223
55.3640055937157	16.2994244705736
55.2260799637748	16.2501831724551
55.0872039161237	16.2086640949937
54.9825326326934	16.1828062853816
54.8775058620962	16.1616420649982
54.7722003712444	16.1453213653188
54.6666929270501	16.1339941178188
54.5610602964255	16.1278102539733
54.4553792453650	16.1269178547787
54.3497264847861	16.1313539724806
54.2441786402378	16.1409835647611
54.1388123299257	16.1556567854691
54.0337041720550	16.1752237884535
53.9289307848314	16.1995347275631
53.7898861160675	16.2390697758896
53.6517544187874	16.2864169044042
53.5147173065152	16.3412209222301
53.3789563927749	16.4031266384904
53.2446532910904	16.4717788623083
53.1119896149857	16.5468224028070
52.9811469779850	16.6279020691097
52.8523069936120	16.7146626703395
52.7256512753910	16.8067490156195
52.6013614368458	16.9038059140730
52.4496028338115	17.0315757664386
52.3021794028162	17.1658633902114
52.1594458577737	17.3059750532100
52.0217569125983	17.4512170232531
51.8894672812040	17.6008955681594
51.7629316775049	17.7543169557476
51.6425048154149	17.9107874538364
51.5285414088484	18.0696133302444
51.4213961717192	18.2301008527904
51.3214238179414	18.3915562892931
51.2289731438208	18.5532940425977
51.1441628986372	18.7149447647132
51.0668129924473	18.8765499264971
50.9967233633792	19.0381784545223
50.9336939495613	19.1998992753617
50.8775246891218	19.3617813155882
50.8280155201890	19.5238935017745
50.7849663808913	19.6863047604936
50.7481772093568	19.8490840183183
50.7174479437139	20.0123002018215
50.6925785220908	20.1760222375760
50.6733688826158	20.3403190521546
50.6575065405660	20.5383309863115
50.6491604887998	20.7373889613580
50.6479850204030	20.9376120824121
50.6536344284611	21.1391194545915
50.6657630060600	21.3420301830142
50.6876407543487	21.5806919512631
50.7173178569918	21.8216150931029
50.7542453442131	22.0649887430495
50.8046219908958	22.3463733009822
50.8629320524652	22.6314878786441
50.9369934661667	22.9570518432430
51.0284246068339	23.3252343224415
51.1486596361939	23.7767602219238
51.3560555786358	24.5155523099146
51.6211193302639	25.4538319487678
51.7708571250144	26.0078231754701
51.8942029060840	26.4910715513920
52.0017617533658	26.9425678446793
52.0936079076916	27.3586363662261
52.1895225786859	27.8281150975704
52.2785117324053	28.3003763228019
52.3600933763042	28.7704795647403
52.4407022526471	29.2792042006542
52.5111232990485	29.7727639242682
52.5707149834303	30.2445829604551
52.6149520300430	30.6491101367629
52.6492270063430	31.0252948007217
52.6711585480568	31.3355448458366
52.6842790262895	31.6152340615682
52.6882606771522	31.8352791049748
52.6856120037012	32.0036876554521
52.6770663575033	32.1477987894593
52.6649226909221	32.2506993344939
52.6513255491799	32.3210925506432
52.6345028512273	32.3768659110051
52.6186865144226	32.4105800469534
52.6007868227674	32.4346193423958
52.5860164727837	32.4464229629957
52.5701097036910	32.4529868849730
52.5530817581063	32.4543981788963
52.5349478786470	32.4507439153341
52.5090753763827	32.4381423001701
52.4812999980867	32.4168964310943
52.4439598985814	32.3784975341836
52.3954009761043	32.3155833336465
52.3428654349001	32.2349609731792
52.2767106479448	32.1194496962599
52.1949291123631	31.9605030771671
52.0953959015686	31.7493212229814
51.9759364102285	31.4772377538900
51.8210345434077	31.1031185902042
51.6256229991789	30.6080327730482
51.3691976085327	29.9341761100334
50.9252703547759	28.7371245690640
50.3543687588805	27.1939902108264
50.0184175342915	26.3039199921608
49.7333350413156	25.5673565641238
49.4840716757226	24.9417967493234
49.2533050102835	24.3813520504012
49.0420107402426	23.8866210481690
48.8311059547551	23.4114352700616
48.6203291569679	22.9550545668351
48.4094106670323	22.5166981336067
48.2173167010788	22.1331761547734
48.0246801438062	21.7633183432910
47.8312983807526	21.4065380688945
47.6369687974563	21.0622487013188
47.4414887794551	20.7298636102990
47.2446557122875	20.4087961655700
47.0462669814913	20.0984597368667
46.8461199726047	19.7982676939241
46.6440120711659	19.5076334064771
46.4397406627130	19.2259702442608
46.2331031327840	18.9526915770100
46.0238968669172	18.6872107744597
45.7905612640951	18.4034882821622
45.5536026474406	18.1277105786488
45.3127513371048	17.8590968590369
45.0677376532389	17.5968663184435
44.8182919159943	17.3402381519860
44.5407976659629	17.0657521470312
44.2573578470277	16.7959905108665
43.9431825606771	16.5079043524787
43.6211736573617	16.2228846858775
43.2652329016511	15.9181117992071
42.8996398800149	15.6148086693881
42.4970927394584	15.2906554850836
42.0551943980238	14.9448464239615
41.5713365500505	14.5761971654611
41.0128233240483	14.1611285824280
40.3734135103262	13.6965343048810
39.6137601031263	13.1550509380786
38.5519902711141	12.4096678042572
38.0351267727217	12.0533005791683
37.6843073584247	11.8189147590952
37.3646571121678	11.6132601146472
37.0776678198837	11.4366446012537
36.8245402456432	11.2882491091387
36.5697132956176	11.1467586423085
36.3500755645202	11.0318256680629
36.1294447734131	10.9234933109409
35.9079488273554	10.8224653016144
35.6857218280402	10.7294431576601
35.5000751985655	10.6585441289559
35.3141025028754	10.5940913484332
35.1278909302147	10.5364838017847
34.9415304559592	10.4861172286187
34.7551137698294	10.4433835546823
34.6060039187739	10.4149528802519
34.4569690298307	10.3918514974033
34.3080600909319	10.3742732705295
34.1593290617557	10.3624095897663
34.0108288350765	10.3564491546467
33.8626131953798	10.3565777538258
33.7147367747503	10.3629780413846
33.5672550060513	10.3758293102494
33.4202240734237	10.3953072632881
33.2737008601412	10.4215837826686
33.1277428938721	10.4548266980909
32.9824082894042	10.4951995545215
32.8377556889049	10.5428613800847
32.6938441997945	10.5979664547778
32.5507333303264	10.6606640806969
32.4084829229740	10.7310983544721
32.2671530857398	10.8094079426235
32.1268041215076	10.8957258605555
31.9874964555741	10.9901792559154
31.8492937160907	11.0928607407533
31.7123303875507	11.2032050667689
31.5768046840065	11.3200019551313
31.4097070964483	11.4732114016010
31.2130296488222	11.6645491958771
30.9895512219600	11.8930943661403
30.3648501618314	12.5544803442785
30.1739059431060	12.7475646394114
30.0433077658430	12.8717194964382
29.9177188916382	12.9821467124141
29.8209561839645	13.0592721083797
29.7275696609613	13.1253274029489
29.6597881512324	13.1669908979567
29.5939749314460	13.2014208001530
29.5301588399428	13.2281802313682
29.4683684980553	13.2468275043981
29.4283144659143	13.2545314779235
29.3891819686062	13.2582968600335
29.3509795604792	13.2579876794599
29.3137158759449	13.2534661866641
29.2773996552850	13.2445926662777
29.2420079107224	13.2312516486716
29.2073911437399	13.2134314674628
29.1733701836887	13.1911462120496
29.1397680502240	13.1644101703947
29.0897680177761	13.1159946872301
29.0397350442450	13.0576591518293
28.9890968808374	12.9894774925544
28.9196686188865	12.8834185026689
28.8279938599714	12.7269295246530
28.6861977212244	12.4647378766483
28.4183839495442	11.9590891663772
28.2430924232578	11.6412102889589
28.0790095770927	11.3576710724006
27.9353105890150	11.1208359454310
27.7802950174238	10.8769982730910
27.6139236262729	10.6280383477319
27.4363566656404	10.3759337851580
27.2482597955777	10.1227824369106
27.0516276396498	9.87086837069904
26.8486876988158	9.62233553833978
26.6415384444795	9.37909343840953
26.4321228692060	9.14280811376390
26.2222107068815	8.91490182239432
26.0133885011753	8.69655985470406
25.8070564590121	8.48874290905393
25.6044309084884	8.29220349348141
25.4065511654640	8.10750496039838
25.2142896741277	7.93504197039850
25.0283643989933	7.77506139351447
24.8493525869235	7.62768287001132
24.6777051700829	7.49291845308217
24.5137612309542	7.37069093333171
24.3577620898003	7.26085059507012
24.2098646979326	7.16319027608517
24.0701541244408	7.07745869701310
23.9386550093177	7.00337209646051
23.8153419232128	6.94062425715029
23.7001486252489	6.88889504029404
23.5929762476918	6.84785756370824
23.4937004621369	6.81718416711818
23.4021776985104	6.79655130840575
23.3385292139447	6.78747560221115
23.2790833689224	6.78374096847399
23.2237681142855	6.78522253593477
23.1725102298191	6.79180011466551
23.1252360460502	6.80335860321340
23.0818720737783	6.81978831521126
23.0423455508144	6.84098523657036
23.0065849147718	6.86685122327866
22.9745202101038	6.89729414879905
22.9460834369397	6.93222800910428
22.9212088486386	6.97157299250198
22.8998332043737	7.01525552059505
22.8818959824871	7.06320826598946
22.8632291846373	7.13368315353677
22.8504449481879	7.21151413442806
22.8434253105255	7.29659326423276
22.8420628454960	7.38883205554946
22.8462609735079	7.48816132624544
22.8591990488316	7.62221950815392
22.8805506522725	7.76722389125315
22.9100412019068	7.92289125332077
22.9549511674379	8.12193729835063
23.0184825162800	8.36801891567460
23.1030839356794	8.66348464513593
23.2101655765218	9.00898458593746
23.3533453189702	9.44303071961146
23.5474463912093	10.0030806831237
23.8602129158540	10.8736321404986
24.2239406374133	11.8817131539527
24.4033050992874	12.3962705519319
24.5299031274694	12.7781532852000
24.6214367040026	13.0732091970077
24.6985823428661	13.3454445438050
24.7561704826733	13.5727598932875
24.8033746509608	13.7856971115623
24.8408258546255	13.9862540553637
24.8690098531429	14.1761928241811
24.8882859994700	14.3570875379822
24.8981443834600	14.5114453238065
24.9012674413293	14.6607080324755
24.8977026998238	14.8057419125628
24.8874423709019	14.9473700862633
24.8704257662793	15.0863847689003
24.8465409452169	15.2235583798727
24.8156257488247	15.3596538165702
24.7774683677042	15.4954341051398
24.7318075946456	15.6316715906083
24.6783329310239	15.7691567793196
24.6166847459900	15.9087068945423
24.5464547338356	16.0511741466909
24.4566185457546	16.2160531245437
24.3546249716797	16.3871096040249
24.2396902170782	16.5657870434961
24.0957857996045	16.7751381549023
23.9164069862280	17.0212143203320
23.6937019965578	17.3122379603101
23.3957717260652	17.6873567912409
22.4315376438544	18.8755876177634
22.0513677456331	19.3549419805392
21.7523119192402	19.7426523066965
21.4801566834589	20.1065337516755
21.2394063901855	20.4394536922975
21.0326645232692	20.7353875462741
20.8270216394711	21.0407772112874
20.6239781743550	21.3552167227165
20.4579150894609	21.6237890391101
20.2957423897123	21.8979195452527
20.1384640811685	22.1771863637798
19.9871039143561	22.4611129699632
19.8709698652997	22.6912560585610
19.7598093021768	22.9237519837124
19.6541409684353	23.1582908369708
19.5544717571790	23.3945472974844
19.4612918926503	23.6321830624004
19.3750701486897	23.8708495451162
19.2962491947542	24.1101908024445
19.2252411609237	24.3498466443385
19.1773408438807	24.5295776338177
19.1341936308923	24.7091306734240
19.0959317945157	24.8883555997665
19.0626739573369	25.0671045535098
19.0345244944097	25.2452327494163
19.0115730427698	25.4225992238885
18.9938941229824	25.5990675522323
18.9815468760957	25.7745065283158
18.9745749177458	25.9487907998805
18.9730063095134	26.1218014534544
18.9768536460134	26.2934265436116
18.9861142546358	26.4635615621883
19.0007705033916	26.6321098439922
19.0207902109641	26.7989829065007
19.0461271518722	26.9641007220155
19.0767216486115	27.1273919217019
19.1125012417934	27.2887939318762
19.1533814286368	27.4482530437877
19.1992664597064	27.6057244189629
19.2500501835189	27.7611720329227
19.3056169285566	27.9145685607365
19.3658424123252	28.0658952084356
19.4305946673504	28.2151414947644
19.4997349744152	28.3623049880995
19.5731187938741	28.5073910036195
19.6773060230797	28.6976304071451
19.7884062699242	28.8842494092540
19.9060456900921	29.0673180613385
20.0298449558359	29.2469252535639
20.1594225196545	29.4231769012628
20.2943976269374	29.5961941048164
20.4343930575613	29.7661113134606
20.5790375840671	29.9330745198762
20.7658267334972	30.1378608128339
20.9581844967133	30.3382288855386
21.1541100489331	30.5334021313200
21.3912148845261	30.7597285364298
21.6277051911931	30.9765261334903
21.8994176699896	31.2164448945766
22.2002285755712	31.4725465493178
22.5556028870099	31.7646492912007
22.9737280196977	32.0974207703571
23.6452511553626	32.6233489315253
23.8312176497414	32.7762955420024
23.9310785340304	32.8659012141971
23.9851837400185	32.9212085601392
24.0159329350446	32.9594715716551
24.0307113608116	32.9849088395253
24.0363760955893	33.0056856273528
24.0344037937544	33.0181629020836
24.0268912626416	33.0279325259177
24.0136944241317	33.0349763072199
23.9874196295274	33.0403060610329
23.9410655541109	33.0408461058180
23.8663037208443	33.0331990083846
23.7353258040399	33.0102713032966
23.4990583170115	32.9580371757589
22.6203324356646	32.7462078309831
22.2161396646895	32.6549725475387
21.8618390526490	32.5812576127343
21.5314108990018	32.5188176058899
21.2348428431320	32.4686986612567
20.9279158166955	32.4234860548284
20.6658817808420	32.3908952880718
20.3998466927586	32.3641770883189
20.1316695180788	32.3445909492655
19.9170123264029	32.3349529978831
19.7035748241030	32.3314486222062
19.4926245856302	32.3347662633303
19.2848138358890	32.3451885470561
19.0804415524668	32.3627678087352
18.8797919432850	32.3875304483295
18.6831353967547	32.4194781740480
18.4907265881102	32.4585877186415
18.3028026897172	32.5048107686432
18.1649348967913	32.5441031783934
18.0297973193057	32.5873162858307
17.8974674831026	32.6344024818379
17.7680157442753	32.6853066850023
17.6415050273022	32.7399665443135
17.5179905978543	32.7983126760179
17.3975198714268	32.8602689327807
17.2801322585989	32.9257527030310
17.1658590473806	32.9946752381208
17.0183781030073	33.0917569636931
16.8765058725924	33.1945445079610
16.7402482130621	33.3027835953215
16.6095851192976	33.4162062921886
16.4844711026608	33.5345328300827
16.3648357437559	33.6574734689925
16.2505844043985	33.7847303779387
16.1415990818390	33.9159995104546
16.0377393867811	34.0509724538748
15.9388436256485	34.1893382328405
15.8447299668833	34.3307850492238
15.7551976707966	34.4750019426904
15.6493905873061	34.6586987648068
15.5499374191121	34.8456482267479
15.4563401803138	35.0352700470991
15.3510050116301	35.2655521790588
15.2523686512216	35.4979383851425
15.1443975462056	35.7705360069580
15.0142075941072	36.1213550461157
14.6870437561595	37.0414672568689
14.5211129779624	37.4864790789423
14.3374030237201	37.9570884001704
14.1497539964812	38.4166666096878
13.9583409884356	38.8661529716042
13.7481953145350	39.3400064118843
13.5341060652013	39.8044181398209
13.3005970175061	40.2928575210461
13.0471106319172	40.8050229455853
12.7731510226842	41.3411228224391
12.4617877798952	41.9329810831253
12.0951349910541	42.6123756649204
11.5688989182381	43.5673592142719
10.7195392538423	45.0997440386808
10.2980951202360	45.8735153636035
9.94525071102401	46.5358169401016
9.62697855732847	47.1485062415337
9.32620334740377	47.7439446346391
9.04334571436799	48.3210968674492
8.77931619922482	48.8769151795438
8.53522522004437	49.4071945785753
8.29464359816460	49.9472872497372
8.07545875553582	50.4564743612344
7.86133558223802	50.9720028466932
7.65325425126172	51.4928519317339
7.46738942740597	51.9774753465387
7.28827879180313	52.4649596510344
7.13068583983871	52.9136477710819
6.98000989411032	53.3634467903310
6.83684476902414	53.8137382969932
6.70178427898633	54.2639038792801
6.58653464162347	54.6725156679432
6.47891994701508	55.0800476808223
6.37938633671348	55.4860352959877
6.29708415051737	55.8497196795664
6.22201425445882	56.2114380478472
6.15450188572951	56.5708516914432
6.09487228152110	56.9276219009679
6.04345067902523	57.2814099670343
6.00489618211034	57.5931109029502
5.97331242189086	57.9019500687087
5.94892782284160	58.2076895778819
5.93197080943735	58.5100915440417
5.92266980615293	58.8089180807601
5.92125323746312	59.1039313016091
5.92666101208776	59.3587527488512
5.93843322098987	59.6103131290124
5.95672289072192	59.8584530767709
5.98168304783636	60.1030132268048
6.01346671888565	60.3438342137922
6.05222693042223	60.5807566724112
6.09811670899858	60.8136212373399
6.14324135508293	61.0098688820276
6.19381284466749	61.2029177740023
6.24992754432754	61.3926675549270
6.31168182063841	61.5790178664650
6.37917204017539	61.7618683502794
6.45249456951379	61.9411186480335
6.53174577522893	62.1166684013904
6.61702202389610	62.2884172520132
6.70841968209061	62.4562648415653
6.80603511638777	62.6201108117097
6.90996469336289	62.7798548041097
7.02030477959127	62.9353964604284
7.13715174164823	63.0866354223290
7.26060194610906	63.2334713314747
7.36859078372129	63.3523987424354
7.48128594373952	63.4681415284112
7.62269297410375	63.6027970816926
7.77063506188565	63.7328590607590
7.92489242683873	63.8583602016048
8.08524528871652	63.9793332402244
8.25147386727254	64.0958109126121
8.42335838226032	64.2078259547622
8.60067905343337	64.3154111026692
8.78321610054521	64.4185990923274
8.97074974334937	64.5174226597312
9.16306020159938	64.6119145408749
9.39316655694516	64.7167239719935
9.62912654064312	64.8157340376860
9.87059114980187	64.9089967214989
10.1172113815300	64.9965640069790
10.3686382329361	65.0784878776728
10.6245227011288	65.1548203171270
10.8845157832167	65.2256133088882
11.1482684763084	65.2909188365029
11.4538560303647	65.3589010657856
11.7633772956571	65.4198614882671
12.0763113116012	65.4738777003783
12.3921371176129	65.5210272985505
12.7103337531079	65.5613878792146
13.0303802575019	65.5950370388018
13.3517556702107	65.6220523737432
13.6739390306501	65.6425114804698
13.9964093782359	65.6564919554129
14.3186457523837	65.6640713950034
14.6802333449475	65.6650436436230
15.0401237158076	65.6581232738387
15.3977001134241	65.6434309768476
15.7528458134241	65.6211282727117
16.1055690982268	65.5913868887093
16.4558782502516	65.5543785521184
16.8037815519175	65.5102749902173
17.1492872856437	65.4592479302841
17.4924037338494	65.4014690995970
17.8331391789538	65.3371102254342
18.1715019033761	65.2663430350739
18.5075001895355	65.1893392557941
18.8780685857210	65.0966738512820
19.2457395088748	64.9967565288015
19.6105243203399	64.8898228538921
19.9724343814595	64.7761083920930
20.3314810535770	64.6558487089435
20.6876756980353	64.5292793699831
21.0762092747564	64.3830465921361
21.4613207671830	64.2297777027933
21.8430252972631	64.0697862396875
22.2213379869442	63.9033857405515
22.5962739581743	63.7308897431181
23.0014616533987	63.5361288252562
23.4026684033673	63.3348939537265
23.7999138404811	63.1275921857811
24.2258156025263	62.8966410590283
24.6471163254656	62.6595650196358
25.0638409701699	62.4168816050934
25.5075323614042	62.1498528909031
25.9770942065986	61.8579345419805
26.4406710046349	61.5607768471162
26.9285992739624	61.2389294929585
27.4396615561778	60.8925053467505
27.9725802360108	60.5219547106073
28.5548918435412	60.1073507687432
29.1836002231745	59.6499603532208
29.9384358560107	59.0902903944351
30.8391273413804	58.4117754202133
32.1527816091076	57.4094255722498
33.7114792279106	56.2184334369249
34.6459888535954	55.5128477200803
35.4352162553609	54.9258132901444
36.1882590335355	54.3751010016113
36.9035759692643	53.8615493242225
37.5783656692049	53.3862224401672
38.2410038108488	52.9283739296620
38.9229306332059	52.4665414012597
39.5912197935454	52.0231190206820
40.2785764487192	51.5763927558513
40.9496882523481	51.1491761199906
41.6387487057546	50.7194856733340
42.3458929637249	50.2876495968443
43.0711064481611	49.8540451185083
43.7746713288311	49.4420134122116
44.4940443255578	49.0291679691166
45.2288452832517	48.6159332736153
45.8934285604940	48.2497387993938
46.4359719400985	47.9581629434838
46.9341901239306	47.6983803082293
47.3856350960132	47.4713347676730
47.7895739393788	47.2764212072519
48.1464422627422	47.1119683098658
48.4574244339589	46.9756227622654
48.7617968510491	46.8494748138778
49.0221794290177	46.7481581996656
49.2765786769866	46.6559170560699
49.5246017026433	46.5733390713882
49.7318344493658	46.5106968952440
49.9338826556866	46.4559650491233
50.1305282300238	46.4095268781791
50.3215588414663	46.3717747783007
50.4763115376862	46.3472409718284
50.6269012829570	46.3292608343427
50.7732095394655	46.3180838570039
50.9151175871132	46.3139689498385
51.0525057892171	46.3171858021561
51.1590806132404	46.3252271556830
51.2626219206770	46.3382916379587
51.3630652032247	46.3565360868889
51.4603443783494	46.3801241318274
51.5543914904768	46.4092268207130
51.6451363972669	46.4440232912540
51.7325064391715	46.4847014907772
51.8164260902592	46.5314589498886
51.8968165880619	46.5845036156959
51.9735955399259	46.6440547510177
52.0466765030559	46.7103439067797
52.1159685350953	46.7836159756636
52.1813757117067	46.8641303360735
52.2427966071740	46.9521620966114
52.3001977330631	47.0479250646007
52.3538346160149	47.1513298493647
52.4040297391300	47.2622040997394
52.4511000966570	47.3803659507190
52.5060205362609	47.5380187096459
52.5571537737072	47.7063380735966
52.6143644123954	47.9217455328107
52.6767089181836	48.1903999981639
52.7441988564522	48.5182158801267
52.8684175853919	49.1820011462991
52.9656602755398	49.6967773278937
53.0340241979380	50.0280362917797
53.0985567840125	50.3087703012459
53.1575535818853	50.5375344188861
53.2087352889427	50.7155738381840
53.2638973505383	50.8879892180048
53.3234455101050	51.0536819296046
53.3877859688306	51.2115674835156
53.4394308359785	51.3242143954255
53.4941717699257	51.4314228029469
53.5521806596033	51.5327526472177
53.6136296561552	51.6277690316028
53.6786912684507	51.7160421665039
53.7475384832596	51.7971472454672
53.7956254414801	51.8470274403117
53.8455236609830	51.8934117492357
53.8972849505570	51.9361777114208
53.9509613272181	51.9752036752484
54.0066050455586	52.0103687461462
54.0642686292674	52.0415527289948
54.1240049048312	52.0686360651649
54.1858670374245	52.0914997642582
54.2499085690050	52.1100253306143
54.3161834586285	52.1240946846420
54.3847461250066	52.1335900790262
54.4556514913320	52.1383940098518
54.4920000000000	52.1390000000000