-5.324928575758391958e-04 4.331963756059721837e-01
9.698388353461062997e-03 4.271145478597775380e-01
1.922767225674757580e-02 4.014665681105164530e-01
3.118913391114848388e-02 3.136283231623112622e-01
4.065198225991739633e-02 2.842199259211115603e-01
5.568883691162458682e-02 2.749362739886425655e-01
8.480444772489158234e-02 2.837647379884704057e-01
1.507352232170212913e-01 3.361500563423407417e-01
2.661810527597099352e-01 4.534764706875830109e-01
4.146250051652218827e-01 6.351691401877858079e-01
4.971303490925826907e-01 7.247089171398877205e-01
5.612000698189109071e-01 7.728474634011572864e-01
6.192211853431817126e-01 7.964784073812426479e-01
6.760068474867330091e-01 8.000000000000000444e-01
7.252608438654049028e-01 7.856995537982838229e-01
7.604245061814393081e-01 7.593883131096538230e-01
7.829369526630552967e-01 7.239418544534749200e-01
7.960190029544865764e-01 6.760467087274721898e-01
8.000000000000000444e-01 6.092400850317716277e-01
7.917227747142258076e-01 5.172312105816407879e-01
7.668289591208710121e-01 3.958149945368982237e-01
7.206244217268118479e-01 2.442793722852885097e-01
6.650514219319174636e-01 7.354214829544307441e-02
6.403648952876572764e-01 -3.325261426328882802e-02
6.235223722428383519e-01 -7.413034364937835796e-02
6.036632088339465296e-01 -9.584955727069309483e-02
5.779057288566680217e-01 -1.051716104419950781e-01
5.334012119549312869e-01 -9.740475750248629716e-02
5.011626025472566415e-01 -8.672632536732011177e-02
5.329008465457983901e-01 -1.306317475948951257e-01
5.663933107255877397e-01 -1.872599388125948394e-01
5.804658320407203309e-01 -2.316213257700160399e-01
5.846121390154286335e-01 -2.764903854164176278e-01
5.797671644378219469e-01 -3.264342647262976627e-01
5.610336356397072066e-01 -3.942729172464611853e-01
5.109415646968121782e-01 -5.054125191811226214e-01
4.896742524306255118e-01 -5.600938844424669938e-01
4.876057033712143940e-01 -5.997693854463317376e-01
5.119594614957849732e-01 -7.249226094628163919e-01
5.209460926237495793e-01 -7.857099054804583815e-01
5.171523284647493446e-01 -7.989158250216669144e-01
5.057534906099599992e-01 -7.963828794042527859e-01
4.801477274275850471e-01 -7.661557638813643045e-01
4.467036917043517019e-01 -7.055444652181355192e-01
4.205317389810069861e-01 -6.333525243672679661e-01
4.134133696494686205e-01 -6.239752355416294805e-01
4.010405450777316805e-01 -6.365186806400885411e-01
3.679705219369845404e-01 -6.882550494303161237e-01
3.442053140374943254e-01 -7.023629507093284152e-01
3.178358591869953620e-01 -6.976593061661917616e-01
2.797756579713778780e-01 -6.667815720384695499e-01
1.894523095301023641e-01 -5.585922497251306629e-01
1.423452379850653482e-01 -4.831087901021450803e-01
1.090532949499229132e-01 -4.019379784768899455e-01
7.301279506866809044e-02 -2.686109086375642607e-01
3.465151266858406548e-02 -1.073253233474214530e-01
3.030062760487837320e-02 -1.032573178560545202e-01
3.056345175168236061e-02 -1.536650872561289016e-01
4.474168659499842132e-02 -2.799840574012581462e-01
6.244960134966533183e-02 -4.024818902086508832e-01
5.998643382846573918e-02 -4.528296946140594748e-01
4.677199196840238493e-02 -4.966873776131415785e-01
2.484250338948719439e-02 -5.318452297340526824e-01
4.067941232867688939e-03 -5.455419276026208797e-01
-1.439384566665813381e-02 -5.417052647842313107e-01
-3.663103282874082683e-02 -5.177914000743226719e-01
-5.571187637983304047e-02 -4.756688570744785349e-01
-6.346923297369562456e-02 -4.314717610144924720e-01
-6.034576696617977021e-02 -3.691704132594433307e-01
-3.848729932272929727e-02 -2.278639866982293261e-01
-3.026950312080778360e-02 -1.189013840953774270e-01
-3.249687017163332275e-02 -1.020663293057804677e-01
-4.200659654371517032e-02 -1.286372265469348797e-01
-9.034941074153489404e-02 -3.350408950984968270e-01
-1.232336350089602850e-01 -4.380483873788781901e-01
-1.599443757514871223e-01 -5.130498103025777912e-01
-2.226477574213330257e-01 -5.994959981847282071e-01
-2.994766801497164010e-01 -6.845878459982585040e-01
-3.306697326525131486e-01 -7.019899915318127404e-01
-3.549663317882985059e-01 -6.991797563488405531e-01
-3.781267119665233101e-01 -6.767517708614838590e-01
-4.097137337531020496e-01 -6.265285402133066173e-01
-4.171679595709513189e-01 -6.252657305777655772e-01
-4.330568808044893969e-01 -6.680174899668389621e-01
-4.628965476934789880e-01 -7.359539165405567518e-01
-4.945057330218439740e-01 -7.841412379829336698e-01
-5.138702396345463663e-01 -8.000000000000000444e-01
-5.207465013910536067e-01 -7.949940330015403678e-01
-5.209305126891260462e-01 -7.691258345921676565e-01
-4.942397601268870289e-01 -6.371017930668362306e-01
-4.881794612685141366e-01 -5.819677048595256474e-01
-4.954472831918528830e-01 -5.436185931552207640e-01
-5.444909737828791396e-01 -4.378288391733655138e-01
-5.728374430407133788e-01 -3.612231823807494080e-01
-5.843242658975754678e-01 -3.029412468599938513e-01
-5.850143918232327822e-01 -2.558480975941457847e-01
-5.771227339167642745e-01 -2.133383220015437343e-01
-5.562611152013228200e-01 -1.650574971158582649e-01
-5.057521247985802271e-01 -9.331331236157121289e-02
-5.039421413742285472e-01 -8.611966670590681661e-02
-5.579079259319584816e-01 -1.037930967263941268e-01
-5.937483442524954524e-01 -1.019524075512673184e-01
-6.155784219580840988e-01 -8.737514262339428350e-02
-6.357961729248082783e-01 -5.488992642125181676e-02
-6.564223016378281095e-01 2.266502287531260360e-02
-6.930882394642795541e-01 1.556748213741697140e-01
-7.577869079441447164e-01 3.589132596733588532e-01
-7.879968398667455132e-01 4.909766552599686418e-01
-8.000000000000000444e-01 5.899022246793993451e-01
-7.986997116312553047e-01 6.627441994200838904e-01
-7.878875071516465711e-01 7.137429234394465638e-01
-7.678434697454934454e-01 7.518686301100467873e-01
-7.357838464185009197e-01 7.804374856362313873e-01
-6.889929033330490782e-01 7.981772732587093522e-01
-6.330490077101779134e-01 7.989930048194860968e-01
-5.752972381927498047e-01 7.799161107904455381e-01
-5.128134068221900099e-01 7.376345621661904994e-01
-4.375141581445763928e-01 6.611452594254972892e-01
-2.903565557039288758e-01 4.800358503896968165e-01
-1.771402974663316421e-01 3.598600516503273616e-01
-9.496654474718102534e-02 2.893638721825492754e-01
-6.182414074356543804e-02 2.749143159493606103e-01
-4.463487640771993115e-02 2.807164007675466144e-01
-3.417724011469740891e-02 3.037998373344908964e-01
-2.253688060417236017e-02 3.896494038886629818e-01
-1.281559462940062843e-02 4.239007326594844693e-01
-3.445930404432484724e-03 4.327910710187321541e-01
